1000
2162 3779 4425 2027 4747 4017 4243 2159 4004 539 1886 2530 1941 2191 4444 4056 1802 1021 4152 499
1628 4214 3105 426 1796 3983 4353 3153 4474 1325 159 2034 2209 992 972 3337 1740 2813 3251 49 
3886 4900 4344 960 3701 2950 2581 3002 1681 4718 4536 1947 1045 2154 2029 3061 900 1564 1075 1572 
1237 4455 1868 2977 1067 329 4464 812 3852 422 2517 2037 4502 196 1259 3926 4197 1419 1324 4651 
2955 3165 611 2068 2017 1696 3907 1865 4389 2931 4417 2268 3377 3841 1623 2718 2432 1323 3461 134 
2775 1088 688 2452 815 2472 254 4518 3619 2479 3948 3979 3834 3156 3996 4850 2503 285 1543 3579 
899 3027 568 2370 4897 2051 3802 869 3087 2742 3114 3305 3401 1 1104 2333 852 1927 818 3978 
952 671 3282 4815 2423 1353 1283 174 3621 3181 945 1316 2111 3933 2618 4898 2680 3307 3298 2623 
3732 2989 859 3069 4178 4717 2959 741 2845 4411 3302 4791 4370 2012 3905 1425 2093 544 1653 4794 
2459 4838 218 2896 4990 3054 4150 823 4128 4576 2358 4412 532 2750 4978 2760 4772 4913 2705 3557 
1450 985 2094 4956 4035 3759 203 3490 4167 1580 343 4358 300 2978 3653 69 2287 2932 714 3679 
1461 354 4790 1463 142 1707 2125 790 1690 390 1499 4268 1667 558 3824 2584 3693 2613 1430 4924 
488 2706 2048 2263 2298 2188 1729 3947 553 3017 917 2128 3404 16 4452 3154 1948 3336 4859 4784 
136 2187 2804 110 526 3394 392 1378 2487 3260 1498 3952 3341 1123 2961 743 1206 2669 2431 4649 
172 44 4480 2262 1153 1980 26 3107 1326 2132 991 4318 4308 2427 375 1857 1269 4596 4916 856 
3074 145 4003 4954 986 3204 2734 3843 1679 1195 113 648 1757 107 1216 2271 1162 3380 122 1231 
3395 4315 4062 221 2439 3500 3013 795 4264 3862 3321 1890 2999 1917 4375 2157 2671 3780 736 1845 
1304 2582 364 3276 2260 637 529 4965 1758 27 4463 1332 3550 845 3809 3038 2556 1168 3128 4237 
2019 4724 3723 396 723 4050 236 1345 1291 4618 3509 3664 2555 3096 1270 3515 188 2403 665 3992 
4162 1849 510 564 1592 3810 3001 783 4508 2397 1288 1315 4642 206 4534 1829 3993 3044 2438 1897 
3980 2357 2411 193 3152 2070 3747 3720 4829 3029 4733 4473 1146 2255 3755 4864 1028 4400 1073 2486 
4704 1818 2739 4964 4193 406 2837 3746 3205 3890 536 4972 3915 588 2583 1569 4896 1292 2401 4565 
4761 2170 547 2143 3252 304 4740 4010 1993 4211 1506 1598 489 3960 633 3338 2797 1661 3879 1756 
4461 3379 1915 2686 1791 2305 1256 4556 2338 565 2783 2526 4756 320 1321 4648 780 4107 4665 229 
3475 2478 3912 2944 4053 1375 266 3566 1348 1358 4685 1439 303 2521 1615 506 4942 2079 3149 4494 
3385 2303 1355 4060 3 4439 111 4775 1448 3071 1705 4275 505 3751 1255 2364 1199 888 3106 4134 
4684 112 2963 3180 2639 4857 1611 2259 4477 41 1664 3287 3382 2164 1001 4328 3963 3334 1545 2654 
1640 4967 4710 3567 2361 1820 3325 4123 567 3570 4679 3696 626 3953 707 612 4848 3739 1575 3254 
2145 1036 4363 2419 3482 2373 2968 750 4723 3504 177 4613 2780 3889 4998 3970 64 2120 2993 1884 
1830 4048 2519 283 2501 2596 1487 4814 3164 4273 445 4232 3502 2949 4760 4219 1933 4692 2474 4094 
361 1470 1096 3314 609 2314 2828 1685 35 1144 2166 1057 1071 2180 4398 4966 2748 3857 4722 286 
4222 3113 4195 4468 32 3278 2088 438 2575 4793 3684 550 3850 1632 1497 3715 2606 3201 983 3120 
2552 334 2129 4347 742 2960 1851 3783 4527 3786 459 605 2823 3445 4554 118 2107 4271 105 3432 
2497 4715 2551 2916 4847 4119 792 170 3497 332 873 3416 538 4866 1052 2702 484 1593 4839 2123 
3232 3773 222 3549 2440 1710 601 4469 1142 169 4605 1278 1813 271 2665 1556 993 4320 2156 4082 
755 2973 1891 498 3825 1607 2716 1525 416 725 3430 1558 449 2586 4804 3695 4537 3428 2319 1156 
4483 4023 696 3617 4780 3671 1453 1895 3518 569 4131 3049 2222 4 2007 4225 3116 2269 51 1133 
1139 4466 1030 3248 4330 12 3339 3079 2511 3620 3277 4386 4927 76 2496 3605 4173 1955 3064 779 
2997 1888 4207 1578 469 3174 3546 1382 1344 467 4569 3584 272 1381 2490 3893 641 238 4277 950 
3168 1004 2241 4459 1804 3471 1253 4944 1617 2840 3949 2084 407 2625 668 73 2291 2986 768 1601 
492 4635 2417 4662 1335 1013 1686 2795 3632 1179 4506 3560 2451 1172 3390 4354 3245 166 3493 2384 
2482 2006 4711 4204 417 3259 473 3800 821 4257 1145 2254 3363 36 210 702 4278 3169 2601 3710 
1546 4545 3436 2327 4027 1068 3286 2549 2588 3697 4806 1479 1795 4764 3099 2602 384 2179 4454 3345 
1127 4336 2172 4043 716 3112 901 4228 490 1599 3292 2729 4742 1415 2524 3712 4334 2116 1007 83 
2312 4096 3068 850 4030 1812 2921 757 2591 1138 3356 4140 335 4771 2964 1346 2201 3988 661 2825 
2917 1646 2755 2083 2147 1553 296 3218 3191 2082 4300 1296 187 4542 1215 3433 2349 1631 2740 4958 
4294 3185 346 3559 2343 95 2313 1204 2885 667 3940 2831 121 314 1423 3100 882 2759 3055 2023 
738 4065 208 3034 302 1411 4482 154 3519 4628 2410 1738 2847 3956 527 1636 2745 3854 2758 1649 
3867 776 1699 590 3172 954 2063 2073 964 4011 684 2382 4333 1424 3426 1208 2317 2367 2258 4727 
2252 3361 3902 3032 3317 1099 2495 2580 1471 3208 2099 4458 372 3699 3140 1486 2595 4813 3513 349 
